0 0
0.599792383 82
1.16433173 82
1.741629017 82
2.316962636 81
2.900512116 58
3.484558356 42
4.075071784 33
4.642751585 28
5.222269697 23
5.803004635 20
6.383089748 20
6.96355183 21
7.54619291 22
8.12578347 23
8.70663918 26
9.292257517 29
9.868032452 31
10.449422214 32
11.029686494 31
11.611183075 30
12.19302486 29
12.772028543 29
13.352594756 28
13.934570991 26
14.514669479 25
15.097506922 24
15.674869509 24
16.256116204 24
16.837180169 22
17.418283198 20
18.299548574 20
18.58230094 20
19.162277814 20
19.744478216 18
20.330393988 18
20.911284905 15
21.491762209 14
22.072119037 14
22.651922167 11
23.232291092 11
23.814006532 9
24.394023417 8
24.974143031 8
25.554923289 7
26.13560637 7
26.714637233 7
27.294694347 7
27.876256069 7
28.45711865 6
29.039280187 6
29.61899228 4
30.199703436 4
30.781150741 2
31.362868719 2
31.943049312 2
32.52330044 1
33.104528989 1
33.685178212 1
34.265174359 1
34.845461283 0
35.42759156 -1
36.008894632 -1
36.589408255 -1
37.171001794 -1
37.749972028 -1
38.331466251 -1
38.911162719 0
39.492803933 1
40.073104872 1
40.657661075 1
41.233840961 1
41.815849256 2
42.398717113 0
42.976892193 0
43.557556353 0
44.13909379 0
44.71748567 -1
45.298733312 -1
45.882065548 0
46.459875355 1
47.041961474 1
47.624078465 3
48.204195743 3
48.784800573 5
49.364836849 7
49.945030212 7
50.526275944 9
51.107468423 9
51.688677049 11
52.270812762 11
52.851893118 13
53.433550591 14
54.013414464 14
54.593438654 15
55.175342246 15
55.756463781 16
56.336729509 16
56.917920932 17
57.499885572 17
58.081478688 17
58.662418521 17
59.244562527 17
59.824283605 17
60.40511164 17
60.986227824 17
61.567341799 18
62.14807749 18
62.727636735 18
63.309525334 18
63.891690317 19
64.47153357 18
65.051431714 18
65.633956893 18
66.213887594 18
66.794041558 18
67.374562997 18
67.95470091 18
68.537109115 18
69.116160706 18
69.703021941 16
70.276650361 14
70.858740871 14
71.438032661 12
72.020711911 12
72.599061122 10
73.180200571 10
73.762568914 9
74.34331196 9
74.928719772 9
75.506189854 8
76.110848802 8
76.665876482 8
77.247528905 8
77.829347624 6
78.409548942 5
78.990034027 5
79.626922579 2
80.213711103 2
0.580727793 69
1.160761279 68
1.742095495 69
2.3236813 69
2.904463844 71
3.486848467 71
4.064665801 49
4.64578138 -7
5.227276362 -7
5.80874294 -23
6.389919168 -23
6.970497959 -41
7.551366119 -51
8.13204583 -51
8.712925763 -58
9.294671035 -58
9.875889271 -60
10.457553062 -60
11.03780126 -59
11.618787477 -55
12.200362675 -55
12.780797023 -47
13.361801914 -47
13.942994912 -38
14.524779954 -38
15.106218864 -27
15.688113961 -16
16.268844289 -16
16.849663985 -1
17.431560547 -1
18.01155188 19
18.592378111 46
19.173911165 46
19.756686804 66
20.336982178 66
20.91677875 82
21.498587691 82
22.081764897 88
22.660489076 85
23.242474781 85
23.823620662 82
24.405760478 82
24.987908192 73
25.568013545 66
26.150168877 66
26.730859059 60
27.311561863 60
27.89331427 57
28.473425793 57
29.05514986 57
29.637165823 60
30.218315693 60
30.798511933 63
31.379483669 63
31.961200008 65
32.541682085 65
33.122478733 65
33.7036846 64
34.284595868 64
34.866392529 62
35.447459076 62
36.028677297 62
36.609075624 59
37.190669202 59
37.772071864 57
38.354140331 57
38.934711175 55
39.515190499 54
40.095995897 54
40.677454258 55
41.26004637 55
41.840616401 55
42.420811753 55
43.002074681 55
43.583393668 55
44.163555367 55
44.744155577 55
45.326727176 55
45.905298178 55
46.485682224 55
47.068212856 55
47.645488901 56
48.228090466 56
48.808704399 54
49.389129215 54
49.969920229 51
50.549059634 45
51.130320302 45
51.712597981 39
52.295156009 39
52.873933197 29
53.45311245 21
54.034414577 21
54.61628264 0
55.197907653 0
55.778549129 -30
56.358804007 -30
56.939487867 -60
57.519711592 -107
58.101935545 -107
58.68210047 -151
59.26299378 -151
59.844261877 -171
60.424638436 -171
61.005579969 -175
61.587807771 -171
62.167472475 -171
62.749315153 -170
63.330934486 -170
63.912734856 -173
64.49408184 -174
65.07328518 -174
65.655026491 -172
66.236150911 -172
66.832807895 -169
67.398499901 -169
67.979755019 -164
68.560166922 -155
69.142703086 -155
69.723292054 -146
70.304178528 -146
70.885876482 -131
71.4686281 -119
72.048616709 -119
72.629562941 -102
73.210878791 -102
73.791127269 -87
74.372751613 -87
74.953174891 -66
75.535876897 -45
76.11490429 -45
76.695592344 -19
77.277118224 -19
77.864846023 9
78.439010908 43
79.019940642 43
79.60140742 68
