0 0
0.574374871 82
1.143017468 82
1.725738235 82
2.346003919 64
2.973222093 64
3.462371666 36
4.043995101 25
4.638831593 25
5.215205177 22
5.787580412 22
6.368206294 24
6.978296507 24
7.527894226 28
8.119688164 34
8.69763869 34
9.276495016 36
9.876295704 36
10.43397404 34
11.015259038 30
11.594859745 30
12.193289568 27
12.757476617 27
13.344947912 27
13.923615469 27
14.530897643 26
15.096305576 23
15.666609217 23
16.245212288 21
16.834770521 21
17.409574933 20
18.006466392 19
18.574632527 19
19.15743211 17
19.748203572 17
20.313943238 16
20.921080519 16
21.474582895 15
22.056866263 14
22.637233721 14
23.228253291 10
23.817512519 10
24.384739817 10
24.987083717 9
25.849470842 9
26.129419204 7
26.705335865 7
27.313248086 5
27.867020868 5
28.483017215 3
29.03897239 1
29.609513176 1
30.190631381 1
30.787864613 1
31.3765381 3
31.95964183 4
32.525065571 4
33.127525051 3
33.696639315 3
34.27053907 2
34.845298182 2
35.420206204 1
36.004199729 1
36.585917777 1
37.18424335 1
37.743997676 1
38.328497204 1
38.906545535 1
39.488240822 1
40.083007 1
40.655479694 1
41.234264536 1
41.812324374 1
42.394812102 2
42.975649573 2
43.558873233 2
44.153713781 1
44.744055063 1
45.308813581 1
45.882442676 1
46.473424585 2
47.042397242 4
47.640206822 4
48.207068102 7
48.784797452 7
49.367218081 9
50.248265682 11
50.526893579 11
51.109320286 14
51.689865481 14
52.27836561 16
52.852339656 16
53.449346037 15
54.03874606 16
54.601557645 16
55.190402971 16
55.778928065 16
56.345409127 16
56.920314404 17
57.50122806 17
58.082695345 17
58.668985058 17
59.248412214 17
59.844272529 17
60.418994757 17
61.019440995 17
61.583817637 17
62.161184204 16
62.736061334 16
63.328834156 17
63.90558563 17
64.47476124 18
65.056224937 18
65.638052767 18
66.232891808 17
66.81001054 17
67.385316309 16
67.963120481 17
68.54660967 17
69.145468339 17
69.758518949 17
70.294276969 15
70.887506323 11
71.458221368 11
72.039238412 8
72.618502392 8
73.202550111 7
73.777465406 7
74.357272038 7
75.465025941 7
75.568664621 7
76.149615299 7
76.760701096 7
77.317351585 6
77.898886221 6
78.488006754 6
79.052743305 6
79.634472135 6
0.581771129 76
1.167398576 74
1.747459462 74
2.32783678 74
2.919655757 17
3.486955004 17
4.393824931 -37
4.652938551 -50
5.24708986 -50
5.816025659 -60
6.403216027 -60
6.974740067 -65
7.558203224 -65
8.156820341 -65
8.719896022 -64
9.302950967 -64
9.878944834 -59
10.460963623 -59
11.058260447 -53
11.623295996 -53
12.213771671 -43
12.788500141 -33
13.368540436 -33
13.950785776 -22
14.545561893 -22
15.125090435 -5
15.692407362 16
16.27315522 16
16.881815905 40
17.44826218 40
18.019946996 65
18.601196462 65
19.180424238 83
19.761773551 95
20.357348312 95
20.931103845 92
21.506342457 92
22.087153744 82
22.666636144 71
23.249832661 71
23.841335756 66
24.711382361 66
24.993175906 63
25.574565057 63
26.171526217 64
26.735932603 69
27.333812616 69
27.905879695 72
28.483863468 72
29.075477947 71
29.64662636 70
30.224729834 70
30.809464812 69
31.389744072 69
31.970798589 69
32.552215874 69
33.130207693 68
33.723478548 66
34.298153019 66
34.877325112 63
35.467485123 63
36.047387689 62
36.616825502 61
37.201212588 61
37.793820794 61
38.361409141 61
38.945846291 61
39.531573665 61
40.103280706 60
40.783826983 59
41.26584462 59
41.848033294 58
42.427131006 58
43.037176638 56
43.659773315 55
44.293308875 55
44.757771152 55
45.332560086 55
45.919584974 55
46.495315665 55
47.081772157 55
47.657807196 54
48.241777151 54
48.851595274 49
49.417192821 49
49.983822852 35
50.563234198 24
51.144075064 24
51.725085241 12
52.3163947 12
52.890416278 -1
53.469443563 -1
54.050253751 -20
54.631318014 -57
55.211744007 -57
55.794758329 -88
56.374218068 -88
56.963375404 -116
57.558566683 -136
58.117448687 -136
58.708296858 -148
59.279382577 -148
59.861893993 -153
60.460660081 -153
61.03045907 -155
61.631631202 -154
62.185305338 -154
62.780229259 -151
63.36140058 -151
63.933242601 -144
64.521321498 -144
65.092266874 -136
65.694757487 -125
66.260551409 -125
66.846836317 -113
67.435651789 -113
68.007584638 -100
68.57530077 -85
69.156011796 -85
69.736470374 -67
70.317206965 -67
70.908832731 -48
71.478986647 -48
72.076918666 -27
72.64522639 -3
73.2227769 -3
73.806567762 26
74.385014456 26
74.987068831 63
75.547671373 84
76.120596402 84
76.717459753 99
77.290872947 99
77.893343523 97
78.455690061 97
79.025412814 92
79.622720344 86
