0 0
0.555490123 82
1.142785257 82
1.715245656 82
2.298082864 82
2.880189366 82
3.461651736 56
4.05486097 35
4.63083314 35
5.215151067 27
5.830585082 27
6.436570733 24
7.053484336 24
7.535052097 24
8.109277821 28
8.689018657 28
9.292094855 30
9.866247064 30
10.432993877 33
11.013734297 33
11.594887906 34
12.204341418 33
12.758298951 33
13.342865873 31
13.923194075 31
14.543355126 30
15.08944127 27
15.669314273 27
16.246725059 25
16.82664419 25
17.413968651 23
17.992197626 22
18.568049153 22
19.148530558 20
19.729485793 20
20.311855487 20
20.910451278 20
21.477141282 18
22.056634354 18
22.646875235 18
23.219655491 16
23.846955175 16
24.390311433 12
24.971597297 12
25.542937345 9
26.129919779 7
26.70786044 7
27.288206397 8
27.868322344 8
28.44963198 7
29.036977155 7
29.619342009 7
30.195362656 8
30.782766481 8
31.361741486 8
31.941523451 8
32.516647106 6
33.102066902 4
33.6809162 4
34.259110903 3
34.84076202 3
35.422015573 2
36.01035425 2
36.590469667 2
37.175819624 1
37.755256725 1
38.32494355 1
38.928251273 1
39.491619487 1
40.067205662 1
40.648840676 1
41.234946562 1
41.812004141 1
42.40849536 1
42.995731897 1
43.560782809 1
44.136313314 0
44.719482322 0
45.305456345 0
45.883065555 0
46.45989367 0
47.041916305 1
47.624461732 1
48.20866053 3
48.787974108 3
49.375162087 5
49.948360924 7
50.529879822 7
51.121749335 9
51.696754506 9
52.279358179 9
52.848265576 9
53.429452885 11
54.014641142 13
54.592565128 13
55.173483175 15
55.754070883 15
56.335439412 15
56.914899212 15
57.496676748 17
58.077477736 17
58.661511038 17
59.241317221 19
59.821256173 19
60.40392862 19
60.989783613 19
61.588575116 19
62.145681547 18
62.732204485 18
63.311876219 18
63.895679625 18
64.49187191 18
65.051065381 18
65.644422694 18
66.221041268 19
66.793332949 19
67.392255229 19
67.984295097 18
68.536254148 18
69.117293987 18
69.714939181 18
70.292155763 18
70.872204719 18
71.453594681 16
72.045026248 16
72.610196446 16
73.195927358 14
73.779917909 14
74.348349789 12
74.944676484 11
75.52652849 11
76.103488998 11
76.676246145 11
77.552863194 11
77.835593599 11
78.418070742 11
79.008253511 9
79.586318295 9
80.184905621 8
0.578367492 75
1.168022567 75
1.746431603 73
2.322901783 74
2.903443447 74
3.485198214 46
4.070472278 46
4.652272208 -3
5.2268651 -14
5.807543804 -14
6.399586698 -23
6.974930135 -23
7.551225255 -29
8.13884118 -29
8.715216638 -32
9.304033846 -31
9.881888916 -31
10.462393399 -29
11.040606873 -29
11.617075134 -25
12.1971473 -19
12.796098366 -19
13.360048805 -10
13.945685795 -10
14.524124411 3
15.10671093 3
15.685027974 20
16.265598179 40
16.84945905 40
17.433949073 62
18.013289336 62
18.591423365 75
19.171298865 74
19.755364812 74
20.333286603 66
20.940333039 66
21.503393009 58
22.08513278 58
22.662270088 47
23.250318198 39
23.818703232 39
24.402863589 40
24.979867473 40
25.561232293 42
26.142576444 47
26.726932471 47
27.306178897 53
27.887256275 53
28.466939809 56
29.073178081 56
29.628040306 57
30.214626055 54
30.792500454 54
31.373172722 48
31.958822031 48
32.540717722 42
33.134066136 39
33.700499141 39
34.280745185 40
34.863859189 40
35.447547522 42
36.022028192 42
36.613826159 45
37.18541234 45
37.765752048 45
38.349606794 44
38.938881795 44
39.521969742 39
40.391423267 36
40.669750103 36
41.257988932 32
42.146285182 32
42.435520718 32
42.999387777 32
43.579266812 32
44.20709662 32
44.842544024 32
45.319499622 34
45.90893331 34
46.481408393 34
47.071615534 33
47.746429929 33
48.230066186 34
48.811767244 34
49.387231497 29
49.969209655 29
50.546713861 25
51.141916855 16
51.710466 16
52.295055319 5
52.878581717 5
53.458899821 -11
54.034567879 -11
54.618193842 -36
55.227997474 -65
55.799524842 -65
56.37452273 -91
56.962301724 -91
57.537455276 -112
58.107134186 -127
58.687054196 -127
59.276811029 -136
59.85954882 -136
60.439945604 -140
61.016496748 -140
61.592395224 -140
62.174542335 -136
62.75438376 -136
63.350210817 -130
63.945219023 -130
64.510585455 -120
65.092307939 -109
65.671354093 -109
66.259899155 -97
66.82991525 -97
67.42384019 -83
67.985755634 -83
68.606158523 -66
69.151873482 -47
69.732514376 -47
70.309588274 -27
70.893328992 -27
71.469813709 -5
72.052734386 -5
72.642680353 22
73.223374676 58
73.806406854 58
74.373657229 77
74.974336077 77
75.534300109 93
76.118175512 100
76.708150334 100
77.27581934 104
77.863258619 104
78.457054959 101
79.017546887 94
79.60481989 94
