0 0
0.566875258 82
1.144821953 82
1.722433404 82
2.300331944 82
2.887146351 70
3.463790723 44
4.04145 35
4.624071771 27
5.20312239 22
5.785702243 20
6.36307704 19
6.944183002 20
7.525193726 21
8.106141226 24
8.688651311 24
9.266392476 27
9.848193434 28
10.427021012 29
11.014529381 29
11.590300264 28
12.177080155 26
12.763447667 24
13.330141882 23
13.910954343 23
14.490286446 22
15.072420484 22
15.652623883 22
16.233492034 21
16.820138017 20
17.392067031 18
17.972358657 15
18.55382385 13
19.134890539 12
19.716138984 11
20.295317941 11
20.92458035 11
21.503665682 11
22.093880449 11
22.626080594 9
23.200751456 8
23.778199326 7
24.364320325 7
24.97790076 7
25.549396224 7
26.138546483 7
26.703452581 7
27.2633188 5
27.844809912 4
28.423088646 4
29.004345027 3
29.585674589 2
30.165392322 1
30.745699976 1
31.344346811 1
31.90715502 2
32.487705548 2
33.06969864 3
33.649836652 3
34.230834669 3
34.812422591 3
35.393168072 2
35.973322509 2
36.553438121 1
37.146844271 2
37.714996968 2
38.294822733 4
38.876184023 3
39.456323898 2
40.036133696 0
40.616737368 -2
41.198049321 -3
41.786342827 -4
42.365331331 -4
42.968811597 -5
43.518341618 -4
44.122089019 -4
44.68414356 -3
45.264375029 -2
45.842792937 -1
46.424080611 0
47.006183828 2
47.625335462 3
48.166442241 5
48.746498757 6
49.327120823 6
49.906863577 8
50.487988924 7
51.068563945 8
51.660653168 9
52.229586518 10
52.809319951 11
53.402408702 12
53.971380556 13
54.552657297 15
55.133572019 15
55.713882578 17
56.296006931 18
56.878245705 18
57.457080284 19
58.038150757 19
58.669551869 19
59.19867049 19
59.780024603 19
60.360021211 19
60.939982032 19
61.521310582 18
62.102619613 17
62.689014186 18
63.263508009 18
63.882547202 17
64.429216683 18
65.01561656 18
65.593514573 17
66.16880704 17
66.776437419 17
67.330624145 16
67.911561102 15
68.492643424 14
69.072739487 12
69.680688955 12
70.234735409 11
70.817898652 11
71.40581933 11
71.977456843 10
72.557976553 9
73.138055391 9
73.718976237 9
74.29876904 8
74.883456954 8
75.460537024 8
76.040436783 8
76.621745444 8
77.201555322 8
77.781281095 6
78.361994245 5
78.967168986 3
79.522136592 3
80.108512972 2
80.688930234 2
81.264737823 2
81.843637333 2
82.424018792 2
83.004932579 2
83.585047676 2
84.16695941 1
84.747481134 0
85.327347119 -1
85.906891314 -1
86.490133085 -1
87.069188244 -1
87.651273616 -1
88.231388613 -2
88.810977882 -2
89.392672182 -2
89.972503393 -2
0.580619438 69
1.160143784 70
1.746627982 70
2.324688416 73
2.902785632 75
3.579638516 65
4.063291898 22
4.644335889 6
5.336530016 -2
5.805871616 -14
6.387104476 -20
6.967451517 -25
7.54867664 -29
8.12849261 -32
8.709163884 -33
9.28943036 -33
9.870616297 -32
10.450351111 -30
11.030703156 -28
11.611336732 -25
12.190996275 -19
12.772779419 -15
13.353055818 -8
13.93389416 -2
14.515449903 4
15.094550362 12
15.675241812 22
16.25659259 31
16.836049434 44
17.417360489 53
17.998339743 64
18.57684326 71
19.157146739 74
19.73847144 76
20.318482016 75
20.89924202 72
21.481689083 66
22.060779552 62
22.641110821 57
23.223503748 53
23.803391033 50
24.382874966 50
24.975467473 50
25.543599879 51
26.124002202 53
26.704116638 55
27.284337917 55
27.865491902 55
28.444793105 56
29.027722152 56
29.606106449 54
30.18567778 53
30.76655745 51
31.354231603 50
31.92737646 47
32.509624808 44
33.088628745 42
33.668089729 40
34.250023172 39
34.829112913 40
35.40864673 40
35.988701004 40
36.569860266 40
37.150098258 40
37.731813489 38
38.320260898 36
38.892578008 35
39.473966145 33
40.056070264 32
40.63405564 31
41.24484314 29
41.799868916 29
42.373923417 27
42.956347503 25
43.541732788 24
44.116658808 23
44.705646638 22
45.281601132 21
45.859761536 22
46.441208661 24
47.018980322 25
47.599522933 25
48.181816523 26
48.763377392 28
49.344076235 26
49.926165604 22
50.506607292 19
51.088029595 10
51.666876038 4
52.247835809 -11
52.82777095 -29
53.409520448 -52
53.993778942 -70
54.571123452 -80
55.149479518 -95
55.730262527 -105
56.311944175 -112
56.892202232 -117
57.473779694 -122
58.053539557 -125
58.63476313 -126
59.217037438 -126
59.793723883 -125
60.376205249 -123
60.956419016 -121
61.536478052 -118
62.117311131 -113
62.702680971 -108
63.277165118 -103
63.858507556 -97
64.438177542 -92
65.01894658 -84
65.598946664 -76
66.179054378 -65
66.759591253 -56
67.340201288 -49
67.919669618 -35
68.501550965 -29
69.081922845 -11
69.6627212 5
70.243379085 14
70.822952857 35
71.404662432 48
71.984175574 62
72.564515816 76
73.146612356 85
73.724711595 96
74.326936759 99
74.920304916 101
75.475060156 101
76.056378628 99
76.626351016 95
77.20619053 90
77.794852626 87
78.367898276 84
78.949320108 83
79.530852814 82
80.120692773 82
80.69073456 83
81.280997667 83
81.852808891 84
82.43389642 85
83.014225083 85
83.595222587 84
84.175911957 84
84.757047711 83
85.338079368 82
85.916860501 81
86.49892169 81
87.079111337 81
87.665995567 80
88.299140889 80
88.827850716 81
89.413806685 230
89.416212715 230
89.416750579 230
89.417158256 230
89.41750453 230
89.418818775 230
89.419840157 230
89.420399184 230
89.421069378 230
